Dataset shape: (10299, 562)
Volunteers: 30
Activity counts: {'LAYING': 1944, 'STANDING': 1906, 'SITTING': 1777, 'WALKING': 1722, 'WALKING_UPSTAIRS': 1544, 'WALKING_DOWNSTAIRS': 1406}
2-D PCA explained variance: 0.5698
50-component PCA explained variance: 0.8710

k by elbow: 4 | k by silhouette: 2 | best_k used: 2

K-Means elbow table:
 k       wcss  silhouette  davies_bouldin  calinski_harabasz    ari    nmi
 2 3272857.25      0.3937          1.0707          7880.8139 0.3296 0.5455
 3 2921077.75      0.3155          1.7865          5034.4752 0.3317 0.5183
 4 2781602.00      0.1500          2.3422          3696.3387 0.2990 0.4694
 5 2654789.75      0.1286          2.4108          3027.3244 0.2912 0.4607
 6 2577180.50      0.1099          2.3836          2556.5419 0.4196 0.5593
 7 2519774.25      0.0816          2.6752          2217.8557 0.4332 0.5546
 8 2465378.75      0.0749          2.6106          1975.2107 0.4266 0.5516

DBSCAN full-space eps grid: [10.76, 11.82, 13.15, 14.72, 17.07, 19.45]
  eps  min_samples  n_clusters  noise  silhouette  davies_bouldin  calinski_harabasz    ari    nmi
10.76            5          35 0.6074     -0.0101          1.6878            54.9340 0.1166 0.2644
10.76           10          12 0.6565      0.0797          1.4944            79.6303 0.0974 0.2332
10.76           20           3 0.6995      0.1242          1.3356           122.0373 0.0791 0.2040
11.82            5          32 0.4707      0.0612          1.9479           125.4320 0.1940 0.3635
11.82           10          20 0.5208      0.0752          2.0926           131.7093 0.1793 0.3355
11.82           20          10 0.5718      0.1383          1.7132           133.2967 0.1650 0.3060
13.15            5          30 0.3317      0.3006          1.6967           209.4632 0.2602 0.4073
13.15           10          14 0.3763      0.0634          2.0182           359.5414 0.2490 0.3977
13.15           20           4 0.4261      0.3557          1.7679          1116.1771 0.2371 0.3842
14.72            5          22 0.2119      0.1252          1.4010            29.3829 0.0737 0.1576
14.72           10           5 0.2472      0.2325          1.0442            44.9869 0.0847 0.1565
14.72           20           2 0.2843      0.2258          1.0469            40.9676 0.0998 0.1702
17.07            5           5 0.0976      0.0993          1.0893            41.0104 0.0239 0.0820
17.07           10           2 0.1154      0.3396          0.8729           103.2098 0.0298 0.0882
17.07           20           3 0.1431      0.2809          0.9274            94.7715 0.0415 0.1111
19.45            5           2 0.0476      0.2951          0.9125            11.6669 0.0083 0.0407
19.45           10           1 0.0547         NaN             NaN                NaN 0.0100 0.0452
19.45           20           1 0.0633         NaN             NaN                NaN 0.0116 0.0480
Selected: {'eps': np.float64(17.07), 'min_samples': np.float64(10.0), 'n_clusters': np.float64(2.0), 'noise': np.float64(0.1154), 'silhouette': np.float64(0.3396), 'davies_bouldin': np.float64(0.8729), 'calinski_harabasz': np.float64(103.2098), 'ari': np.float64(0.0298), 'nmi': np.float64(0.0882)}

DBSCAN PCA-50 eps grid: [7.13, 8.18, 9.55, 10.98, 12.76, 14.68]
  eps  min_samples  n_clusters  noise  silhouette  davies_bouldin  calinski_harabasz    ari    nmi
 7.13            5          21 0.6343      0.0140          1.4454            38.8656 0.1154 0.2506
 7.13           10           6 0.6723      0.0999          1.2795            53.9009 0.0948 0.2217
 7.13           20           1 0.7134         NaN             NaN                NaN 0.0753 0.1940
 8.18            5          36 0.4920      0.1617          1.8896            80.6234 0.2016 0.3561
 8.18           10          12 0.5397      0.3663          1.7603           119.2384 0.1914 0.3333
 8.18           20           4 0.5798      0.1241          1.4405           114.6730 0.1756 0.3092
 9.55            5          40 0.3202      0.2770          1.7189           160.0673 0.2718 0.4221
 9.55           10          10 0.3803      0.3297          1.7628           470.4610 0.2602 0.4126
 9.55           20           4 0.4398      0.3447          1.8133           868.6147 0.2502 0.4036
10.98            5          18 0.1900      0.2830          1.5581           452.6554 0.3217 0.4740
10.98           10          12 0.2282      0.3095          1.9324           616.8096 0.3190 0.4705
10.98           20           5 0.2786      0.3226          1.6488          1393.1958 0.3037 0.4575
12.76            5           7 0.0843      0.0656          1.1214            36.5019 0.0207 0.0793
12.76           10           4 0.1070      0.2606          0.9453            60.3826 0.0277 0.0877
12.76           20           3 0.1464      0.2793          0.9205            92.2137 0.0438 0.1159
14.68            5           4 0.0386      0.2569          0.9991            22.3718 0.0062 0.0336
14.68           10           3 0.0507      0.3108          0.9298           102.9899 0.0099 0.0525
14.68           20           2 0.0629      0.3271          0.9138           120.6678 0.0119 0.0540
Selected: {'eps': np.float64(14.68), 'min_samples': np.float64(20.0), 'n_clusters': np.float64(2.0), 'noise': np.float64(0.0629), 'silhouette': np.float64(0.3271), 'davies_bouldin': np.float64(0.9138), 'calinski_harabasz': np.float64(120.6678), 'ari': np.float64(0.0119), 'nmi': np.float64(0.054)}

Linkage comparison (cut at 6 clusters):
  method  cophenetic  n_clusters  largest_cluster  silhouette  davies_bouldin  calinski_harabasz    ari    nmi
  single      0.8139           6           0.9994      0.5601          0.2733            28.8554 0.0001 0.0013
complete      0.7523           6           0.5463      0.3792          1.3004          1898.4100 0.3294 0.5421
 average      0.8557           6           0.9847      0.4431          1.1020           161.1037 0.0024 0.0220
    ward      0.6767           6           0.3115      0.1170          2.4820          2349.6677 0.4599 0.6015

Algorithm comparison:
          model  n_clusters  noise  silhouette  davies_bouldin  calinski_harabasz    ari    nmi
  K-Means (k=2)           2 0.0000      0.3937          1.0707          7880.8139 0.3296 0.5455
  K-Means (k=6)           6 0.0000      0.1099          2.3836          2556.5419 0.4196 0.5593
 DBSCAN (561-D)           2 0.1154      0.3396          0.8729           103.2098 0.0298 0.0882
DBSCAN (PCA-50)           2 0.0629      0.3271          0.9138           120.6678 0.0119 0.0540
 HAC Ward (k=6)           6 0.0000      0.1170          2.4820          2349.6677 0.4599 0.6015
